image: mymap.pgm
resolution: 0.050000
origin: [-28.126819, -27.423724, 0.000000]
negate: 0
occupied_thresh: 0.65
free_thresh: 0.196

